         
1        
0        
 1       
01       
 0       
10       
0 1      
011      
101      
001      
010      
01 1     
 0 1     
10 1     
00 1     
0 11     
 011     
0011     
  01     
1 01     
0 01     
 101     
0101     
 001     
1001     
10 0     
  10     
1 10     
0 10     
 110     
0110     
 010     
1010     
1 00     
 100     
1100     
    1    
0   1    
01  1    
 0  1    
10  1    
00  1    
0 1 1    
001 1    
0 0 1    
010 1    
 0 11    
00 11    
00111    
  011    
0 011    
01011    
 0011    
10011    
 0 01    
10 01    
  101    
0 101    
01101    
 0101    
10101    
00101    
  001    
1 001    
 1001    
11001    
01001    
10001    
    0    
1   0    
 1  0    
11  0    
01  0    
10  0    
1 1 0    
0 1 0    
011 0    
101 0    
 1 10    
01 10    
 0 10    
10 10    
  110    
0 110    
01110    
 0110    
10110    
00110    
  010    
1 010    
 1010    
11010    
01010    
10010    
  100    
1 100    
 1100    
01100    
10100    
11000    
0  1 1   
 0 1 1   
00 1 1   
0011 1   
0 01 1   
0101 1   
   0 1   
1  0 1   
0  0 1   
 1 0 1   
01 0 1   
 0 0 1   
10 0 1   
  10 1   
0 10 1   
0110 1   
 010 1   
1010 1   
0010 1   
  00 1   
1 00 1   
 100 1   
1100 1   
0100 1   
1000 1   
   011   
0  011   
01 011   
 0 011   
10 011   
00 011   
0 1011   
 01011   
001011   
  0011   
1 0011   
0 0011   
 10011   
010011   
 00011   
100011   
   101   
0  101   
01 101   
 0 101   
10 101   
00 101   
0 1101   
001101   
0 0101   
010101   
   001   
1  001   
 1 001   
11 001   
01 001   
10 001   
  1001   
1 1001   
0 1001   
 11001   
011001   
 01001   
101001   
1 0001   
 10001   
110001   
1  0 0   
 1 0 0   
11 0 0   
1 10 0   
0110 0   
1010 0   
   010   
1  010   
 1 010   
11 010   
01 010   
10 010   
1 1010   
0 1010   
011010   
101010   
0 1   1  
 01   1  
001   1  
  0   1  
1 0   1  
0 0   1  
 10   1  
010   1  
 00   1  
100   1  
0011  1  
  01  1  
0 01  1  
0101  1  
 001  1  
 010  1  
1010  1  
0010  1  
  00  1  
1 00  1  
 100  1  
1100  1  
0100  1  
1000  1  
  0 1 1  
0 0 1 1  
010 1 1  
 00 1 1  
100 1 1  
0 011 1  
 0011 1  
  001 1  
1 001 1  
0 001 1  
 1001 1  
01001 1  
 0001 1  
10001 1  
  1 0 1  
0 1 0 1  
011 0 1  
 01 0 1  
101 0 1  
001 0 1  
  0 0 1  
1 0 0 1  
 10 0 1  
110 0 1  
010 0 1  
100 0 1  
 0110 1  
00110 1  
  010 1  
0 010 1  
 1010 1  
01010 1  
 0010 1  
 0100 1  
10100 1  
1 000 1  
 1000 1  
11000 1  
0    11  
 0   11  
00   11  
001  11  
0 0  11  
010  11  
 00  11  
100  11  
00 1 11  
0 01 11  
 001 11  
0  0 11  
01 0 11  
 0 0 11  
10 0 11  
00 0 11  
0 10 11  
 010 11  
0010 11  
  00 11  
1 00 11  
0 00 11  
 100 11  
0100 11  
 000 11  
1000 11  
00  111  
0 0 111  
 00 111  
0  0111  
 0 0111  
00 0111  
  00111  
0 00111  
0100111  
 000111  
1000111  
0   011  
01  011  
 0  011  
10  011  
00  011  
0 1 011  
 01 011  
001 011  
1 0 011  
0 0 011  
 10 011  
010 011  
 00 011  
100 011  
0  1011  
 0 1011  
00 1011  
0011011  
  01011  
0 01011  
0101011  
 001011  
1  0011  
0  0011  
 1 0011  
01 0011  
 0 0011  
10 0011  
  10011  
0 10011  
0110011  
 010011  
1010011  
0010011  
  00011  
1 00011  
 100011  
1100011  
0100011  
1000011  
1    01  
0    01  
01   01  
 0   01  
10   01  
0 1  01  
011  01  
 01  01  
101  01  
001  01  
1 0  01  
110  01  
010  01  
100  01  
0  1 01  
01 1 01  
 0 1 01  
00 1 01  
0 11 01  
 011 01  
0011 01  
  01 01  
0 01 01  
 101 01  
0101 01  
 001 01  
1  0 01  
 1 0 01  
11 0 01  
01 0 01  
10 0 01  
  10 01  
1 10 01  
0 10 01  
 110 01  
0110 01  
 010 01  
1010 01  
1 00 01  
 100 01  
1100 01  
0   101  
01  101  
 0  101  
10  101  
00  101  
1 0 101  
0 0 101  
010 101  
 00 101  
100 101  
0  1101  
 0 1101  
00 1101  
  01101  
0 01101  
0101101  
 001101  
1  0101  
0  0101  
 1 0101  
01 0101  
 0 0101  
10 0101  
  00101  
1 00101  
 100101  
1100101  
0100101  
1000101  
1   001  
11  001  
01  001  
10  001  
1 1 001  
0 1 001  
011 001  
 01 001  
101 001  
1 0 001  
110 001  
0  1001  
 1 1001  
01 1001  
 0 1001  
0 11001  
0111001  
 011001  
0011001  
  01001  
 101001  
0101001  
1 0   0  
 10   0  
110   0  
 101  0  
1101  0  
0101  0  
1001  0  
  0 1 0  
1 0 1 0  
 10 1 0  
110 1 0  
010 1 0  
100 1 0  
 1011 0  
01011 0  
 0011 0  
10011 0  
0    10  
 1   10  
01   10  
 0   10  
10   10  
0 1  10  
011  10  
 01  10  
101  10  
001  10  
1 0  10  
 10  10  
110  10  
010  10  
100  10  
0  1 10  
01 1 10  
 0 1 10  
10 1 10  
00 1 10  
0 11 10  
 011 10  
0011 10  
  01 10  
1 01 10  
0 01 10  
 101 10  
0101 10  
 001 10  
1001 10  
 1 0 10  
11 0 10  
10 0 10  
1 10 10  
 110 10  
 010 10  
1010 10  
1 00 10  
 100 10  
1100 10  
0   110  
01  110  
 0  110  
10  110  
00  110  
0 1 110  
 01 110  
001 110  
1 0 110  
0 0 110  
 10 110  
010 110  
 00 110  
100 110  
 1 0110  
 0 0110  
10 0110  
 010110  
1010110  
  00110  
1 00110  
 100110  
1100110  
1000110  
 1  010  
11  010  
01  010  
10  010  
1 1 010  
0 1 010  
 11 010  
011 010  
 01 010  
101 010  
0  1010  
 1 1010  
01 1010  
 0 1010  
10 1010  
0 11010  
0111010  
 011010  
1011010  
0011010  
 1 0010  
11 0010  
1 10010  
 110010  
1010010  
11   00  
1 1  00  
011  00  
101  00  
110  00  
 1 1 00  
11 1 00  
01 1 00  
10 1 00  
1 11 00  
0 11 00  
 111 00  
0111 00  
 011 00  
1011 00  
1 01 00  
 101 00  
1101 00  
11 0 00  
1 10 00  
 110 00  
11  100  
01  100  
10  100  
1 1 100  
0 1 100  
011 100  
 01 100  
101 100  
1 0 100  
110 100  
0  1100  
 1 1100  
01 1100  
 0 1100  
10 1100  
0 11100  
0111100  
 011100  
1011100  
0011100  
1 01100  
 101100  
1101100  
0101100  
1001100  
 1 0100  
11 0100  
1 10100  
 110100  
1010100  
1100100  
11  000  
1 1 000  
 1 1000  
11 1000  
1 11000  
 111000  
0111000  
1011000  
00 1 1 1 
0 01 1 1 
 0 0 1 1 
10 0 1 1 
00 0 1 1 
0 10 1 1 
 010 1 1 
0010 1 1 
1 00 1 1 
0 00 1 1 
 100 1 1 
0100 1 1 
 000 1 1 
1000 1 1 
 0 011 1 
00 011 1 
001011 1 
0 0011 1 
 00011 1 
100011 1 
 0 101 1 
00 101 1 
001101 1 
0 0101 1 
010101 1 
 0 001 1 
10 001 1 
0 1001 1 
011001 1 
 01001 1 
101001 1 
001001 1 
1 0001 1 
 10001 1 
110001 1 
010001 1 
100001 1 
 1 0 0 1 
11 0 0 1 
01 0 0 1 
10 0 0 1 
1 10 0 1 
0 10 0 1 
0110 0 1 
1010 0 1 
 0 010 1 
10 010 1 
0 1010 1 
101010 1 
001010 1 
0 0  111 
0010 111 
0 00 111 
0100 111 
 000 111 
1000 111 
0 001111 
 0001111 
001 0111 
0 0 0111 
010 0111 
100 0111 
0 010111 
 0010111 
 0100111 
00100111 
1 000111 
0 000111 
 1000111 
01000111 
 0000111 
10000111 
01   011 
10   011 
00   011 
0 1  011 
001  011 
1 0  011 
0 0  011 
010  011 
100  011 
 0 1 011 
00 1 011 
0011 011 
0 01 011 
0101 011 
 001 011 
01 0 011 
 0 0 011 
10 0 011 
0 10 011 
0110 011 
 010 011 
1010 011 
0010 011 
1 00 011 
 100 011 
1100 011 
0100 011 
1000 011 
00  1011 
0 0 1011 
100 1011 
00 11011 
0 011011 
 0011011 
 0 01011 
10 01011 
00 01011 
1 001011 
0 001011 
 0001011 
10001011 
01  0011 
10  0011 
0 1 0011 
011 0011 
101 0011 
001 0011 
1 0 0011 
110 0011 
010 0011 
100 0011 
01 10011 
 0 10011 
00 10011 
0 110011 
 0110011 
00110011 
0 010011 
01010011 
 0010011 
1 0  101 
0 0  101 
010  101 
100  101 
0101 101 
 001 101 
1001 101 
1000 101 
0 0 1101 
100 1101 
 0001101 
10001101 
01   001 
10   001 
1 1  001 
0 1  001 
011  001 
101  001 
1 0  001 
110  001 
01 1 001 
 0 1 001 
10 1 001 
0 11 001 
0111 001 
 011 001 
1011 001 
0011 001 
1 01 001 
1101 001 
0101 001 
1001 001 
1 10 001 
1010 001 
1100 001 
10  1001 
0 1 1001 
101 1001 
001 1001 
1 0 1001 
100 1001 
 0 11001 
10 11001 
00 11001 
0 111001 
 0111001 
00111001 
1 011001 
0 011001 
 0011001 
10011001 
10 01001 
1 101001 
 0101001 
10101001 
1 001001 
1 1 0001 
011 0001 
101 0001 
01 10001 
10 10001 
1 110001 
0 110001 
01110001 
 0110001 
10110001 
1 10 0 0 
1 1010 0 
011010 0 
101010 0 
1 1  010 
0 1  010 
011  010 
101  010 
1 0  010 
110  010 
0111 010 
0011 010 
0101 010 
1010 010 
1100 010 
1 0 1010 
110 1010 
010 1010 
100 1010 
0 011010 
01011010 
1 001010 
11001010 
1 1 0010 
011 0010 
110 0010 
01110010 
1101 000 
110 1000 
11011000 
001   1 1
0 0   1 1
010   1 1
0 01  1 1
0010  1 1
1 00  1 1
0 00  1 1
0100  1 1
1000  1 1
0 0 1 1 1
0 001 1 1
01001 1 1
0 1 0 1 1
001 0 1 1
0 0 0 1 1
010 0 1 1
00110 1 1
0 010 1 1
01010 1 1
10100 1 1
00100 1 1
1 000 1 1
11000 1 1
01000 1 1
10000 1 1
0 00 11 1
0100 11 1
1000 11 1
0 00111 1
0 01011 1
1 00011 1
0 00011 1
0100011 1
1000011 1
0 10 01 1
0110 01 1
1010 01 1
0010 01 1
0100 01 1
0 00101 1
0100101 1
1 0   0 1
110   0 1
010   0 1
100   0 1
0101  0 1
1001  0 1
0 0 1 0 1
010 1 0 1
01011 0 1
0 0  10 1
010  10 1
100  10 1
0 01 10 1
0101 10 1
1001 10 1
1 00 10 1
1100 10 1
1000 10 1
0 0 110 1
010 110 1
0 1  00 1
011  00 1
101  00 1
0 11 00 1
0111 00 1
1011 00 1
0011 00 1
1101 00 1
0101 00 1
1001 00 1
1010 00 1
1100 00 1
0 1 100 1
011 100 1
001 100 1
010 100 1
0 11100 1
0011100 1
0 01100 1
0101100 1
011 000 1
101 000 1
0 11000 1
0111000 1
1011000 1
0 0  1011
010  1011
1000 1011
0 0 11011
011  0011
001  0011
010  0011
0011 0011
0 01 0011
0101 0011
1001 0011
1010 0011
1100 0011
001 10011
0 0 10011
0 0110011
011 00011
1010 0101
01011 0 0
0101 10 0
0101 1010
